$ANSIBLE_VAULT;1.1;AES256
62316566353035633061326162396663396265653865363561303462386439373038306562373139
3830393166363835323166313463646362306232633662320a646435366161626638373262326138
61336364653365633036316334303261656330393832363037666464356464653233323865373330
6230363139396434640a353064663762613866363562616363346663393432616264633365343434
62383165333038356333323734623439656464343461666466383330326262396639376137613537
35663761326535366236373664623133616638363866323439323534323966353266373539643032
36333939623665636433616231633236373037376532366433633961353339326165613139363564
34653934653133393737653537323537373530643662383735346138616131666435363465353434
62343038323864336532396637313133333037626433656236643563386537373638663737353236
35313164666463383764396134656165346264636166353534346261313265623064653038623062
31656534653237316534643435643030393362623632313864323638343631643163636637363131
61306263643563646261396436656165623836363964343237663639373562663933323632663363
34646435353735316634656237653264366366613432363062313236656361653836323531326433
66626632333866613062633938663762386332666136616464343265363165373562376336656430
31643730663131363966386462333865343466306432653534353231623938353861373636613365
64343830656331353732386337653464653831306163386534366131626364623636666137303136
37336232386262333038393366316639386166316566656136643764316631626230633164366339
31346235313264303638343337353030646561376435383334373533383665343936383861373362
65623335323463336434386364336132353736303562363761626662303361666664636637336263
36316565613136616262663361316238343138353736333437653433636263393033393034353637
35393430303063653839353131383936353239656339613039333834346536323133373563633739
31643930653235633465386230366636366665336135303766613331333636393062363065393131
36313633653637386165373637393732343637353866326164393339303865623163643535613534
33306436636533383363343830643563323238383937373832313766323136613731613139633232
62663333356434373736636434363534666561653832366631326635306536313761396163633832
66616535343531633761333536366234666332646438346332653432633232656336333136643633
62616664643163613066613035376134663261393131356566613434353962393464363134666235
32386265303439373663613863663362393339386261376436373131383135616132613061346437
34316634623964633837306263316131313130303135353635373435376236353937376265613238
62376430346261306539313133383939633136306662393664623166613834653063326233636265
61383038353162346365306165636561616339383164623761343331393761623734363438393031
61386139393761346565343163636464323766653236613539613332356236373430363064646239
30623036363565656465333565643062636630653862373239396330326630366232313038613831
6533643564366230613530383466643036396239646361316166
